"year_on" 1995 2002 2008 2010 2011 2015 2018 2021 2022.1 2024 2024.1 2025.1 2027 2030 2033 2036 2039 2042 -1
"LLIN_cov" -1 -1 0.8 -1 0.8 0.8 0.8 0.8 -1 0.8 -1 -1 0.8 0.8 0.8 0.8 0.8 0.8 -1
"IRS_cov" 0.5 -1 -1 0.5 -1 -1 -1 -1 -1 -1 -1 -1 -1 -1 -1 -1 -1 -1 -1
"BS_treat_year_off" -1 -1 -1 -1 -1 -1 -1 -1 -1 -1 -1 -1 -1 -1 -1 -1 -1 -1 -1
"BS_treat_BScover" -1 -1 -1 -1 -1 -1 -1 -1 -1 -1 -1 -1 -1 -1 -1 -1 -1 -1 -1
"BS_treat_BSeff" -1 -1 -1 -1 -1 -1 -1 -1 -1 -1 -1 -1 -1 -1 -1 -1 -1 -1 -1
"BS_treat_BSproph" -1 -1 -1 -1 -1 -1 -1 -1 -1 -1 -1 -1 -1 -1 -1 -1 -1 -1 -1
"PQ_treat_year_off" -1 -1 -1 -1 -1 2017 2020 -1 -1 -1 -1 -1 -1 -1 -1 -1 -1 -1 -1
"PQ_treat_BScover" -1 -1 -1 -1 -1 0.8 0.8 -1 -1 -1 -1 -1 -1 -1 -1 -1 -1 -1 -1
"PQ_treat_BSeff" -1 -1 -1 -1 -1 1 1 -1 -1 -1 -1 -1 -1 -1 -1 -1 -1 -1 -1
"PQ_treat_BSproph" -1 -1 -1 -1 -1 14 60 -1 -1 -1 -1 -1 -1 -1 -1 -1 -1 -1 -1
"PQ_treat_PQavail" -1 -1 -1 -1 -1 1 0.9 -1 -1 -1 -1 -1 -1 -1 -1 -1 -1 -1 -1
"PQ_treat_PQeff" -1 -1 -1 -1 -1 1 0.8 -1 -1 -1 -1 -1 -1 -1 -1 -1 -1 -1 -1
"PQ_treat_PQproph" -1 -1 -1 -1 -1 14 60 -1 -1 -1 -1 -1 -1 -1 -1 -1 -1 -1 -1
"PQ_treat_G6PD_risk" -1 -1 -1 -1 -1 1 1 -1 -1 -1 -1 -1 -1 -1 -1 -1 -1 -1 -1
"PQ_treat_CYP2D6_risk" -1 -1 -1 -1 -1 1 0 -1 -1 -1 -1 -1 -1 -1 -1 -1 -1 -1 -1
"PQ_treat_preg_risk" -1 -1 -1 -1 -1 1 1 -1 -1 -1 -1 -1 -1 -1 -1 -1 -1 -1 -1
"PQ_treat_low_age" -1 -1 -1 -1 -1 0.5 18 -1 -1 -1 -1 -1 -1 -1 -1 -1 -1 -1 -1
"MDA_BS_BScover" -1 0.8 -1 -1 0.8 -1 -1 -1 -1 -1 -1 -1 -1 -1 -1 -1 -1 -1 -1
"MDA_BS_BSeff" -1 1 -1 -1 1 -1 -1 -1 -1 -1 -1 -1 -1 -1 -1 -1 -1 -1 -1
"MDA_BS_BSproph" -1 10 -1 -1 10 -1 -1 -1 -1 -1 -1 -1 -1 -1 -1 -1 -1 -1 -1
"MDA_PQ_BScover" -1 -1 -1 -1 -1 -1 -1 -1 0.8 -1 -1 -1 -1 -1 -1 -1 -1 -1 -1
"MDA_PQ_BSeff" -1 -1 -1 -1 -1 -1 -1 -1 1 -1 -1 -1 -1 -1 -1 -1 -1 -1 -1
"MDA_PQ_BSproph" -1 -1 -1 -1 -1 -1 -1 -1 14 -1 -1 -1 -1 -1 -1 -1 -1 -1 -1
"MDA_PQ_PQavail" -1 -1 -1 -1 -1 -1 -1 -1 1 -1 -1 -1 -1 -1 -1 -1 -1 -1 -1
"MDA_PQ_PQeff" -1 -1 -1 -1 -1 -1 -1 -1 0.95 -1 -1 -1 -1 -1 -1 -1 -1 -1 -1
"MDA_PQ_PQproph" -1 -1 -1 -1 -1 -1 -1 -1 14 -1 -1 -1 -1 -1 -1 -1 -1 -1 -1
"MDA_PQ_G6PD_risk" -1 -1 -1 -1 -1 -1 -1 -1 1 -1 -1 -1 -1 -1 -1 -1 -1 -1 -1
"MDA_PQ_CYP2D6_risk" -1 -1 -1 -1 -1 -1 -1 -1 1 -1 -1 -1 -1 -1 -1 -1 -1 -1 -1
"MDA_PQ_preg_risk" -1 -1 -1 -1 -1 -1 -1 -1 1 -1 -1 -1 -1 -1 -1 -1 -1 -1 -1
"MDA_PQ_low_age" -1 -1 -1 -1 -1 -1 -1 -1 0.5 -1 -1 -1 -1 -1 -1 -1 -1 -1 -1
"MSAT_PQ_BScover" -1 -1 -1 -1 -1 -1 -1 -1 -1 -1 0.8 -1 -1 -1 -1 -1 -1 -1 -1
"MSAT_PQ_RDT_PCR" -1 -1 -1 -1 -1 -1 -1 -1 -1 -1 2 -1 -1 -1 -1 -1 -1 -1 -1
"MSAT_PQ_sens" -1 -1 -1 -1 -1 -1 -1 -1 -1 -1 1 -1 -1 -1 -1 -1 -1 -1 -1
"MSAT_PQ_BSeff" -1 -1 -1 -1 -1 -1 -1 -1 -1 -1 1 -1 -1 -1 -1 -1 -1 -1 -1
"MSAT_PQ_BSproph" -1 -1 -1 -1 -1 -1 -1 -1 -1 -1 14 -1 -1 -1 -1 -1 -1 -1 -1
"MSAT_PQ_PQavail" -1 -1 -1 -1 -1 -1 -1 -1 -1 -1 1 -1 -1 -1 -1 -1 -1 -1 -1
"MSAT_PQ_PQeff" -1 -1 -1 -1 -1 -1 -1 -1 -1 -1 1 -1 -1 -1 -1 -1 -1 -1 -1
"MSAT_PQ_PQproph" -1 -1 -1 -1 -1 -1 -1 -1 -1 -1 14 -1 -1 -1 -1 -1 -1 -1 -1
"MSAT_PQ_G6PD_risk" -1 -1 -1 -1 -1 -1 -1 -1 -1 -1 1 -1 -1 -1 -1 -1 -1 -1 -1
"MSAT_PQ_CYP2D6_risk" -1 -1 -1 -1 -1 -1 -1 -1 -1 -1 1 -1 -1 -1 -1 -1 -1 -1 -1
"MSAT_PQ_preg_risk" -1 -1 -1 -1 -1 -1 -1 -1 -1 -1 1 -1 -1 -1 -1 -1 -1 -1 -1
"MSAT_PQ_low_age" -1 -1 -1 -1 -1 -1 -1 -1 -1 -1 1 -1 -1 -1 -1 -1 -1 -1 -1
"SSAT_PQ_BScover" -1 -1 -1 -1 -1 -1 -1 -1 -1 -1 -1 0.8 -1 -1 -1 -1 -1 -1 -1
"SSAT_PQ_sens" -1 -1 -1 -1 -1 -1 -1 -1 -1 -1 -1 1 -1 -1 -1 -1 -1 -1 -1
"SSAT_PQ_spec" -1 -1 -1 -1 -1 -1 -1 -1 -1 -1 -1 1 -1 -1 -1 -1 -1 -1 -1
"SSAT_PQ_BSeff" -1 -1 -1 -1 -1 -1 -1 -1 -1 -1 -1 1 -1 -1 -1 -1 -1 -1 -1
"SSAT_PQ_BSproph" -1 -1 -1 -1 -1 -1 -1 -1 -1 -1 -1 14 -1 -1 -1 -1 -1 -1 -1
"SSAT_PQ_PQavail" -1 -1 -1 -1 -1 -1 -1 -1 -1 -1 -1 1 -1 -1 -1 -1 -1 -1 -1
"SSAT_PQ_PQeff" -1 -1 -1 -1 -1 -1 -1 -1 -1 -1 -1 1 -1 -1 -1 -1 -1 -1 -1
"SSAT_PQ_PQproph" -1 -1 -1 -1 -1 -1 -1 -1 -1 -1 -1 14 -1 -1 -1 -1 -1 -1 -1
"SSAT_PQ_G6PD_risk" -1 -1 -1 -1 -1 -1 -1 -1 -1 -1 -1 1 -1 -1 -1 -1 -1 -1 -1
"SSAT_PQ_CYP2D6_risk" -1 -1 -1 -1 -1 -1 -1 -1 -1 -1 -1 1 -1 -1 -1 -1 -1 -1 -1
"SSAT_PQ_preg_risk" -1 -1 -1 -1 -1 -1 -1 -1 -1 -1 -1 1 -1 -1 -1 -1 -1 -1 -1
"SSAT_PQ_low_age" -1 -1 -1 -1 -1 -1 -1 -1 -1 -1 -1 1 -1 -1 -1 -1 -1 -1 -1
